# Lum
1.944675839125417985e-02
1.384286476464630274e-02
1.267969712071102296e-02
7.467777065407635133e-03
6.426257831602623892e-03
4.770430328688814864e-03
3.580587819018944771e-03
3.345991849792868435e-03
2.716062670583181855e-03
1.445219727037729473e-03
1.175763051053100791e-03
9.667425599868790598e-04
9.601028897206898135e-04
9.585271160379741848e-04
9.397683308529080097e-04
9.145539063907701886e-04
9.097622058940529411e-04
8.052647619055437354e-04
7.430241253365723990e-04
7.366436247506147816e-04
7.016888836029812641e-04
7.006673332640161881e-04
6.946153901160323496e-04
6.926609915447334712e-04
6.912841674925225815e-04
6.266422006938658857e-04
6.243944901739896264e-04
5.645395996042941369e-04
5.115845973882389604e-04
4.953024182102870208e-04
4.891399674964842749e-04
4.863606955921726460e-04
4.846582016342046743e-04
4.786841450366171018e-04
4.694167766425885713e-04
4.627693583190153827e-04
4.572226395791560965e-04
4.267060180487003418e-04
4.154689930257129829e-04
3.978104224546033778e-04
3.911746969723188267e-04
3.857278702317544841e-04
3.808031930548058989e-04
3.754489933539998194e-04
3.392118093084848813e-04
3.389576365989521289e-04
3.387748761553826941e-04
3.318434167712988559e-04
3.315472692871889175e-04
3.296945264385596334e-04
3.288710845398682184e-04
3.229388127939346320e-04
3.059447259811955123e-04
3.031904745015252052e-04
2.779057090616630118e-04
2.647531207251729185e-04
2.630661283553693071e-04
2.582841160518742287e-04
2.550608283722781487e-04
2.478750094871024498e-04
2.461395048278208048e-04
2.315806429448644783e-04
2.280940965214541070e-04
2.213200877330570679e-04
2.119523533490215710e-04
2.072766993829755228e-04
2.071612018980786363e-04
1.996269771507957732e-04
1.995039029893117867e-04
1.904564105425991642e-04
1.883012371209810112e-04
1.761318921137476460e-04
1.735873364487212087e-04
1.731533549168710667e-04
1.711924853655000397e-04
1.706665769996617091e-04
1.661144924777912700e-04
1.625897557630230574e-04
1.620543151232901912e-04
1.587970921492267437e-04
1.577853993824430187e-04
1.552347502762711491e-04
1.527833119199516231e-04
1.521135754983197065e-04
1.502610453798375052e-04
1.495577162206346441e-04
1.490075413682520578e-04
1.451999921995289348e-04
1.430747299541073106e-04
1.412503171714258601e-04
1.403443932358661075e-04
1.361811307660324181e-04
1.349675295692230788e-04
1.344085702893288404e-04
1.304166753577594418e-04
1.289441485743553510e-04
1.288995918162205148e-04
1.256548846651986005e-04
1.253397615506473596e-04
1.253208549841656322e-04
2.072793682043951556e-03
